0 1.9967 4 4 4 1
20 20.3093 22 20 3 1
40 40.3929 43 41 4 1
60 60.4641 64 60 4 1
80 80.2575 80 81 6 1
100 100.338 101 105 4 1
120 120.428 122 121 8 1
140 140.516 143 143 7 1
160 160.31 161 164 8 1
180 180.41 185 183 8 1
200 200.501 206 199 9 1
220 220.256 222 220 9 1
240 240.343 243 242 10 1
260 260.432 261 263 10 1
280 280.52 285 284 10 1
300 300.307 300 303 12 1
320 320.412 316 322 10 1
340 340.5 345 343 13 1
360 360.289 361 362 14 1
380 380.384 384 380 14 1
400 400.477 400 396 15 1
420 420.257 421 423 15 1
440 440.34 445 442 15 1
460 460.438 463 463 16 1
480 480.54 482 482 16 1
500 500.333 500 503 18 1
520 520.414 524 524 19 1
540 540.491 539 540 18 1
560 560.281 560 562 20 1
580 580.363 584 583 20 1
600 600.466 605 602 21 1
620 620.248 623 620 22 1
640 640.353 644 644 21 1
660 660.442 665 666 23 1
680 680.518 684 682 23 1
700 700.304 702 700 23 1
720 720.391 723 719 25 1
740 740.484 744 740 26 1
760 760.263 763 762 26 1
780 780.351 784 780 27 1
800 800.454 805 799 27 1
820 820.223 823 820 26 1
840 840.295 844 842 27 1
860 860.385 862 863 28 1
880 880.465 883 879 28 1
900 900.258 902 898 29 1
920 920.344 923 922 31 1
940 940.441 944 940 31 1
960 960.242 962 962 32 1
980 980.337 983 980 31 1
1000 1000.45 1004 1002 32 1
1020 1020.52 1022 1020 32 1
1040 1040.32 1043 1042 34 1
1060 1060.39 1064 1060 35 1
1080 1080.49 1083 1082 34 1
1100 1100.29 1104 1098 35 1
1120 1120.38 1122 1122 38 1
1140 1140.47 1143 1140 37 1
1160 1160.24 1164 1162 38 1
1180 1180.35 1185 1180 40 1
1200 1200.42 1206 1202 40 1
1220 1220.51 1225 1220 40 1
1240 1240.3 1246 1242 39 1
1260 1260.39 1264 1260 41 1
1280 1280.49 1285 1279 41 1
1300 1300.27 1303 1303 40 1
1320 1320.35 1324 1319 43 1
1340 1340.45 1343 1340 43 1
1360 1360.24 1364 1356 44 1
1380 1380.32 1385 1380 44 1
1400 1400.43 1406 1402 43 1
1420 1420.5 1427 1423 45 1
1440 1440.29 1445 1444 46 1
1460 1460.37 1466 1463 47 1
1480 1480.46 1487 1482 47 1
1500 1500.24 1508 1500 47 1
1520 1520.32 1524 1524 47 1
1540 1540.42 1545 1540 49 1
1560 1560.21 1566 1562 50 1
1580 1580.31 1584 1580 51 1
